"Head"
30
166,188,199
0,0,0
0,0,0
622,1241
0.000000,-3.793730,-4.995950
1.127210,-5.071600,-0.040322
0.785256,-5.229040,-0.065073
-3.189580,-3.421360,-3.206770
-1.983690,-3.249930,-4.940150
2.078590,-4.584570,-0.655420
1.574950,-4.853430,-0.346305
-2.509210,-4.321090,-1.118850
-2.810700,-4.124980,-1.409970
2.811540,-4.124980,-1.408300
2.509870,-4.321090,-1.117370
-1.574750,-4.853430,-0.347238
-2.078200,-4.584570,-0.656651
-2.122600,2.120370,1.272030
-2.014900,3.612060,0.842470
-2.275320,2.924150,0.214188
-1.996550,-2.507550,1.225620
-2.185770,-2.954830,0.837276
-2.127340,-2.679880,1.162780
-0.584847,-4.293870,1.135890
0.000000,-4.735770,0.492961
0.000000,-4.317760,1.097640
-1.123730,-2.138200,1.695800
-1.494050,-2.558510,1.392200
-1.323950,-2.661410,1.682520
-3.280610,-2.479680,-1.423150
-3.513930,-3.131110,-1.842640
-3.167680,-2.974810,-1.375890
-3.821840,-1.868890,-2.118720
-3.900260,-2.303840,-1.951360
-3.887460,-2.137150,-1.924980
-3.831010,-1.318200,-2.493210
-3.612390,-1.014270,-2.472350
-3.936940,-1.015750,-2.684340
-3.969200,-2.298110,-2.324250
-3.942510,-0.619315,-2.707580
-3.803990,0.249379,-2.404060
-3.903240,0.377894,-2.668350
2.275010,3.076130,0.520057
1.588320,2.335100,1.561260
2.121850,2.120370,1.273290
2.126660,-2.679880,1.164030
2.158000,-2.315710,1.014420
1.995830,-2.507550,1.226800
0.869062,-4.310720,1.146640
0.584174,-4.293870,1.136240
1.322960,-2.661410,1.683300
1.238810,-2.178340,1.533190
1.122720,-2.138200,1.696470
3.168490,-2.974810,-1.374020
3.604830,-2.517400,-1.781250
3.281450,-2.479680,-1.421210
3.888600,-2.137150,-1.922680
3.970580,-2.298110,-2.321890
3.823100,-1.868890,-2.116450
3.938530,-1.015750,-2.682000
3.832480,-1.318200,-2.490940
4.084640,-1.704890,-2.940960
3.904830,0.377894,-2.666030
3.561730,-0.515317,-2.316240
3.944120,-0.619315,-2.705250
-1.512440,-2.114760,1.386220
-1.340250,-2.003130,1.502510
-1.209180,-1.920960,1.660140
-1.709770,-2.129080,1.177150
1.709080,-2.129080,1.178160
1.208200,-1.920960,1.660860
1.339360,-2.044010,1.503310
1.511620,-2.224670,1.387110
0.000000,-5.110250,-0.025199
-0.785217,-5.229040,-0.065539
1.986610,-3.249930,-4.938970
3.191480,-3.421360,-3.204880
-1.127190,-5.071600,-0.040990
-3.677310,-2.638730,-2.047260
-3.784070,-2.535330,-2.444260
-3.892860,-2.151050,-2.851110
-3.977060,-1.806650,-3.108800
-2.579170,-3.809540,-0.426578
-2.583330,-4.099800,-0.846227
-2.146140,-4.234740,-0.170014
-2.162590,0.877403,1.257400
-1.995480,0.761767,1.207610
-1.979490,0.844146,1.239000
-2.223480,0.708368,1.223900
-2.024220,0.621844,1.201880
-2.301780,1.061210,1.148010
-2.397030,0.756517,0.944858
-2.467790,1.270040,1.074490
-2.535390,0.842541,0.762719
-2.437010,0.597869,0.927833
-0.436426,1.051830,1.834960
-0.366133,0.878871,1.917880
0.000000,1.032080,2.025880
-1.871720,1.710000,1.895500
-1.783310,1.461170,1.790110
-1.182480,1.437470,1.930080
-1.253010,1.621450,2.089430
-2.551730,2.814100,0.102641
-2.599450,2.583940,-0.003715
-2.506060,1.638010,0.723029
-2.384720,1.886060,0.936734
-2.570890,-1.579950,0.775422
-2.903710,-1.054820,0.395137
-3.024440,-1.084760,-0.186616
-2.747320,-2.086220,0.299591
-3.051970,-1.301820,-0.290998
-2.932200,-1.840340,-0.096359
-3.001600,1.114100,-0.425369
-2.818210,0.981080,0.008910
-2.749780,1.970650,-0.111668
-2.731050,0.744887,0.393844
-2.634740,1.110300,0.519617
-1.589250,2.335100,1.560320
-1.498370,3.332590,1.245530
-1.185180,1.824700,1.987360
-0.841261,1.669880,2.023310
-0.420481,1.497980,2.039040
-1.027780,2.297350,1.713300
0.000000,1.434840,2.114540
0.000000,1.827890,2.053380
0.000000,3.215590,1.626790
-0.950971,3.182600,1.473540
-0.596267,0.962749,1.632320
-0.672730,1.394800,2.015460
-0.938420,1.189020,1.798720
-0.835250,1.473270,1.990110
-1.375570,1.246770,1.797080
-1.665760,1.877410,1.880670
-2.160100,1.809850,1.591990
-2.104010,1.672090,1.764920
-2.381750,1.398840,1.331790
-2.257980,1.320490,1.373050
-2.047840,1.379470,1.665980
-1.675760,1.210730,1.683690
-1.985370,1.083540,1.468980
-1.151310,1.049220,1.571980
-0.741905,0.838477,1.339670
-0.647152,0.848479,1.512340
-0.991344,1.045890,1.672850
-1.339380,1.097010,1.705500
-1.634000,1.026490,1.539670
-1.827870,0.968370,1.419190
-0.675003,0.625220,1.399300
-0.743834,0.682655,1.292570
-1.195440,0.584506,1.432060
-1.179060,0.479077,1.537410
-1.539600,0.569260,1.421120
-1.534540,0.432412,1.535320
-1.794290,0.634163,1.312170
-1.889210,0.496086,1.360840
-0.853203,0.409701,1.456250
-1.044900,0.258220,1.571890
-1.500430,0.195877,1.538840
-1.861650,0.335479,1.327210
-2.043950,0.259162,1.292890
-1.849400,0.093745,1.547660
-2.036740,0.441006,1.172620
-2.159070,0.403607,1.107210
-2.381720,0.388582,0.936211
-2.328640,0.187367,1.126600
-0.498190,0.764687,1.717170
-0.466187,0.391123,2.172540
-0.357382,0.492336,2.296300
-1.385730,0.007542,1.790270
-1.017220,0.108270,1.780750
-1.286730,-0.234522,1.978670
-0.952937,-0.099551,2.036930
-0.626093,0.525750,1.573170
-0.614165,0.257241,2.110880
-0.569293,0.123761,2.232320
-0.463499,-0.046825,2.472820
-0.583874,-0.086150,2.196820
-0.797217,-0.293187,2.076260
-0.686403,-0.220701,2.306670
-0.749194,-0.364237,2.443690
-0.820809,-0.601074,2.231240
-0.847185,-0.676250,1.908630
-0.759804,-0.749231,2.011770
-1.019370,-0.845343,1.771960
-0.801846,-0.948515,2.008890
-0.586071,-0.877771,2.169340
-0.753358,-0.693308,2.360980
-0.726239,-0.522245,2.545760
-0.616406,-0.619552,2.500950
-0.443461,-0.161571,2.696470
-0.549030,-0.327551,2.777160
-0.495357,-0.530921,2.719400
-0.473339,-1.048370,2.334610
-0.262909,-0.807196,2.582260
-0.249483,-0.716493,2.796020
-0.344611,-0.563616,3.152250
-0.322824,-0.391772,3.187160
-0.330000,-0.089759,3.001770
-0.302113,0.209664,2.702190
0.000000,0.843970,2.324150
0.000000,0.346162,2.822930
0.000000,-0.044350,3.169320
0.000000,-0.404860,3.417810
0.000000,-0.680440,3.338430
0.000000,-0.893934,3.091880
0.000000,-0.969509,2.619220
0.000000,-1.131120,2.442000
-1.650670,-0.404549,1.958760
-1.899450,-0.606529,1.937530
-1.696640,-0.996747,2.003100
-1.311790,-1.219780,1.656160
-2.009750,-1.447390,1.714210
-2.237530,-1.147700,1.660690
-1.541500,-1.742740,1.358310
-2.009110,-0.381148,1.761000
-2.399060,-0.846630,1.538370
-1.687780,-3.160190,1.430020
-1.206210,-3.240010,1.891420
-1.558710,-3.031200,1.521530
-1.023380,-2.845770,1.916360
-2.305260,-1.471240,1.430320
-2.143210,-1.832610,1.405150
-2.373650,-1.924130,0.873043
-2.158610,-2.315710,1.013140
-2.547720,-2.647510,0.577713
-2.246400,-2.543320,0.870625
-2.301470,-3.009670,0.708137
-2.241670,-3.536620,0.575973
-1.979520,-3.689200,0.779335
-2.074110,-3.387930,0.888552
-1.615100,-2.390450,1.278900
-1.995040,-2.840100,1.307310
-1.608520,-2.651490,1.375490
-2.006170,-3.164790,1.022890
-1.731440,-3.534660,1.143740
-1.627420,-3.953240,1.235700
-1.881180,-3.886390,0.601309
-1.380900,-4.105830,1.003720
-1.923360,-4.183830,0.488675
-1.304930,-4.220670,0.873554
-1.256650,-3.768230,1.956400
-1.144830,-4.041360,1.740290
-0.901666,-4.188240,1.404630
-0.869741,-4.310720,1.146130
-0.826438,-4.763250,0.691789
-0.674416,-4.175810,1.439920
0.000000,-4.226210,1.409530
-0.681079,-4.096790,2.199390
-0.733318,-3.819400,2.445560
-0.901115,-3.283330,2.281580
0.000000,-4.106710,2.355390
0.000000,-3.533060,2.736300
0.000000,-3.089260,2.623610
-0.743872,-2.904180,2.168290
0.000000,-2.911860,2.419990
-1.239720,-2.134770,1.532450
-1.439030,-2.183030,1.377280
-0.917167,-2.275490,1.956100
-0.602033,-2.426380,2.278700
0.000000,-2.571590,2.416300
-0.906316,-2.125970,1.994320
-0.630268,-2.294390,2.343990
0.000000,-2.411080,2.515310
-1.030660,-1.770300,1.995070
-0.588913,-1.679250,2.409700
0.000000,-1.771570,2.504630
-1.358430,-4.521820,0.452409
-1.784190,-4.340270,0.280927
-2.229130,-3.955910,0.301737
-2.062530,-3.786450,0.550630
-2.709260,-2.981360,0.212124
-2.453470,-3.580780,0.211057
-2.852830,-2.407290,0.108064
-2.909220,-3.826720,-1.136360
-2.777750,-3.465370,-0.561414
-3.053330,-2.812260,-0.669179
-3.167490,-2.371890,-0.705166
-3.262470,-2.075920,-1.640740
-3.603770,-2.517400,-1.783390
-3.586130,-1.448850,-1.864140
-3.911870,-2.386690,-2.095870
-4.082900,-1.704890,-2.943380
-4.015920,-2.013540,-2.632790
-3.560350,-0.515317,-2.318350
-4.166130,-0.758749,-3.422790
-4.121300,-0.815678,-3.563040
-4.154980,-0.270506,-3.457610
-4.054190,0.098727,-3.496450
-4.106570,0.029265,-3.322060
-3.921530,0.329369,-3.308440
-3.815690,0.568895,-2.713170
-3.758670,0.023288,-2.233610
-3.601780,-0.910249,-1.843160
-3.537150,-0.327181,-2.069630
-3.188720,-1.693410,-0.850337
-3.199410,-0.928846,-1.128160
-3.264640,-0.460338,-1.555930
-3.650570,0.108469,-2.135660
-3.729550,0.187636,-1.794810
-3.069950,-0.669828,-0.543333
-3.163530,-0.157172,-0.510937
-2.451680,-1.205890,1.255110
-2.724880,-0.696504,0.930325
-2.590880,-0.415051,1.158320
-2.204000,-0.004348,1.392200
-1.710980,-0.177054,1.789010
-2.270750,0.128294,1.210750
-2.643310,-0.208566,0.976692
-2.797480,-0.502781,0.746496
-2.947240,-0.669172,0.144963
-2.676780,0.005696,0.751041
-2.819680,-0.269231,0.532260
-2.934700,-0.256637,0.034512
-2.615090,0.285069,0.612148
-2.766370,0.169373,0.426312
-2.863030,0.267495,0.020554
-3.053590,0.450373,-0.433166
-2.580040,0.481480,0.704438
-2.754180,0.550371,0.361695
-2.849610,0.786575,0.014771
-2.578800,0.631464,0.742665
-3.688760,0.417510,-2.273810
-3.851150,0.808444,-1.845050
-3.416120,0.488240,-1.095120
-3.458870,1.037380,-1.040940
-4.105640,-0.235731,-3.646760
3.515020,-3.131110,-1.840550
3.785520,-2.535330,-2.442020
3.678530,-2.638730,-2.045080
3.894550,-2.151050,-2.848810
3.978900,-1.806650,-3.106440
2.146230,-4.234740,-0.168742
2.583840,-4.099800,-0.844695
2.579420,-3.809540,-0.425049
1.978760,0.844146,1.240170
1.994770,0.761767,1.208790
2.161840,0.877403,1.258680
2.023510,0.621844,1.203080
2.222750,0.708368,1.225220
2.396470,0.756517,0.946278
2.301100,1.061210,1.149370
2.534940,0.842541,0.764222
2.467150,1.270040,1.075950
2.436460,0.597869,0.929277
0.364997,0.878871,1.918100
0.435339,1.051830,1.835210
1.251780,1.621450,2.090180
1.181340,1.437470,1.930780
1.782250,1.461170,1.791170
1.870600,1.710000,1.896610
2.384160,1.886060,0.938147
2.505630,1.638010,0.724514
2.599450,2.583940,-0.002174
2.551670,2.814100,0.104153
2.747150,-2.086220,0.301219
3.024550,-1.084760,-0.184824
2.903470,-1.054820,0.396858
2.570430,-1.579950,0.776945
2.932260,-1.840340,-0.094621
3.052150,-1.301820,-0.289189
2.749850,1.970650,-0.110039
2.818200,0.981080,0.010580
3.001850,1.114100,-0.423590
2.634430,1.110300,0.521179
2.730820,0.744887,0.395463
2.014400,3.290120,0.843664
1.497640,3.332590,1.246410
1.026770,2.297350,1.713910
0.419272,1.497980,2.039290
0.840061,1.669880,2.023800
1.184000,1.824700,1.988060
0.950098,3.182600,1.474110
0.937354,1.189020,1.799280
0.671536,1.394800,2.015860
0.595300,0.962749,1.632670
0.834071,1.473270,1.990600
1.374500,1.246770,1.797900
2.102970,1.672090,1.766170
2.159160,1.809850,1.593270
1.664640,1.877410,1.881660
2.380960,1.398840,1.333200
2.046850,1.379470,1.667190
2.257170,1.320490,1.374390
1.674760,1.210730,1.684680
1.984490,1.083540,1.470160
0.990353,1.045890,1.673430
0.646256,0.848479,1.512720
0.741111,0.838477,1.340100
1.150380,1.049220,1.572660
1.633090,1.026490,1.540640
1.338370,1.097010,1.706290
1.827030,0.968370,1.420280
1.178150,0.479077,1.538110
1.194590,0.584506,1.432770
0.743068,0.682655,1.293010
0.674174,0.625220,1.399700
1.533630,0.432412,1.536230
1.538760,0.569260,1.422040
1.888400,0.496086,1.361960
1.793510,0.634163,1.313240
1.043970,0.258220,1.572510
0.852340,0.409701,1.456760
1.499520,0.195877,1.539720
1.860870,0.335479,1.328310
1.848480,0.093745,1.548750
2.043180,0.259162,1.294100
2.158410,0.403607,1.108490
2.036040,0.441006,1.173830
2.381160,0.388582,0.937622
2.327970,0.187367,1.127970
0.356021,0.492336,2.296510
0.464899,0.391123,2.172820
0.497172,0.764687,1.717470
1.016160,0.108270,1.781350
1.384670,0.007542,1.791100
0.951729,-0.099551,2.037490
1.285550,-0.234522,1.979430
0.612914,0.257241,2.111240
0.625160,0.525750,1.573540
0.462034,-0.046825,2.473090
0.567970,0.123761,2.232650
0.582572,-0.086150,2.197160
0.685036,-0.220701,2.307080
0.795986,-0.293187,2.076730
0.819487,-0.601074,2.231720
0.747746,-0.364237,2.444130
0.758612,-0.749231,2.012220
0.846053,-0.676250,1.909130
0.800655,-0.948515,2.009370
1.018320,-0.845343,1.772560
0.584785,-0.877771,2.169680
0.751959,-0.693308,2.361430
0.724730,-0.522245,2.546190
0.614923,-0.619552,2.501320
0.441863,-0.161571,2.696730
0.547384,-0.327551,2.777490
0.493746,-0.530921,2.719690
0.471956,-1.048370,2.334890
0.261379,-0.807196,2.582420
0.247826,-0.716493,2.796160
0.342742,-0.563616,3.152460
0.320935,-0.391772,3.187350
0.328221,-0.089759,3.001960
0.300511,0.209664,2.702370
1.649500,-0.404549,1.959740
1.695450,-0.996747,2.004100
1.898300,-0.606529,1.938660
1.310810,-1.219780,1.656930
2.236550,-1.147700,1.662020
2.008730,-1.447390,1.715400
1.540700,-1.742740,1.359230
2.398150,-0.846630,1.539800
2.008070,-0.381148,1.762190
1.557800,-3.031200,1.522450
1.205090,-3.240010,1.892130
1.686930,-3.160190,1.431030
1.022250,-2.845770,1.916970
1.493230,-2.558510,1.393090
2.142380,-1.832610,1.406420
2.304410,-1.471240,1.431690
2.373130,-1.924130,0.874450
2.547380,-2.647510,0.579223
2.245890,-2.543320,0.871957
2.185270,-2.954830,0.838571
2.301050,-3.009670,0.709501
2.241330,-3.536620,0.577301
2.073580,-3.387930,0.889781
1.979050,-3.689200,0.780508
1.614350,-2.390450,1.279860
1.607700,-2.651490,1.376450
1.994260,-2.840100,1.308490
2.005560,-3.164790,1.024080
1.730760,-3.534660,1.144760
1.626690,-3.953240,1.236670
1.380300,-4.105830,1.004540
1.880830,-3.886390,0.602423
1.304410,-4.220670,0.874327
1.923070,-4.183830,0.489815
1.255490,-3.768230,1.957140
1.143800,-4.041360,1.740970
0.900834,-4.188240,1.405160
0.826027,-4.763250,0.692279
0.673562,-4.175810,1.440320
0.679776,-4.096790,2.199800
0.731869,-3.819400,2.446000
0.899763,-3.283330,2.282110
0.742587,-2.904180,2.168740
1.438220,-2.296490,1.378130
0.916008,-2.275490,1.956650
0.600683,-2.426380,2.279050
0.628879,-2.294390,2.344360
0.905134,-2.125970,1.994860
1.029480,-1.770300,1.995680
0.587485,-1.679250,2.410050
1.358160,-4.521820,0.453214
1.784020,-4.340270,0.281984
2.228950,-3.955910,0.303058
2.062210,-3.786450,0.551853
2.453340,-3.580780,0.212511
2.709140,-2.981360,0.213730
2.852770,-2.407290,0.109755
2.778080,-3.465370,-0.559768
2.909900,-3.826720,-1.134630
3.053730,-2.812260,-0.667369
3.167910,-2.371890,-0.703289
3.263440,-2.075920,-1.638810
3.587240,-1.448850,-1.862010
3.901420,-2.303840,-1.949050
3.913110,-2.386690,-2.093550
3.613860,-1.014270,-2.470210
4.017480,-2.013540,-2.630410
4.168160,-0.758749,-3.420320
4.123410,-0.815678,-3.560600
4.157020,-0.270506,-3.455140
3.923490,0.329369,-3.306120
4.108540,0.029265,-3.319620
4.056260,0.098727,-3.494040
3.817300,0.568895,-2.710910
3.805410,0.249379,-2.401800
3.759990,0.023288,-2.231380
3.602870,-0.910249,-1.841020
3.538380,-0.327181,-2.067530
3.189220,-1.693410,-0.848447
3.200080,-0.928846,-1.126270
3.265560,-0.460338,-1.554000
3.730610,0.187636,-1.792600
3.651830,0.108469,-2.133500
3.070270,-0.669828,-0.541514
3.163840,-0.157172,-0.509062
2.450930,-1.205890,1.256560
2.724330,-0.696504,0.931940
2.590200,-0.415051,1.159860
2.203180,-0.004348,1.393510
1.709920,-0.177054,1.790030
2.270030,0.128294,1.212100
2.642730,-0.208566,0.978259
2.797040,-0.502781,0.748154
2.947150,-0.669172,0.146710
2.676340,0.005696,0.752627
2.819360,-0.269231,0.533931
2.934670,-0.256637,0.036251
2.614720,0.285069,0.613698
2.766120,0.169373,0.427951
2.863010,0.267495,0.022251
3.053850,0.450373,-0.431357
2.579620,0.481480,0.705967
2.753960,0.550371,0.363327
2.849600,0.786575,0.016460
2.578360,0.631464,0.744193
3.852240,0.808444,-1.842770
3.690100,0.417510,-2.271630
3.416770,0.488240,-1.093100
3.459480,1.037380,-1.038890
4.107800,-0.235731,-3.644330
-1.264420,-2.045270,1.499450
1.263540,-2.087010,1.500200
-0.528530,-2.018130,2.241150
0.000000,-2.068050,2.375890
0.000000,-1.930110,2.307660
-0.527925,-1.861970,2.250810
-0.883022,-2.023290,1.924810
-0.914606,-1.896810,1.906580
-1.111650,-2.063490,1.621070
-1.145330,-1.980310,1.631510
0.526591,-1.861970,2.251120
0.527202,-2.018130,2.241460
0.913476,-1.896810,1.907120
0.881882,-2.023290,1.925340
1.110690,-2.063490,1.621730
1.144360,-1.980310,1.632190
-3.601810,2.264240,-5.205500
-3.610590,0.235709,-5.405360
-2.901020,4.244930,-2.521450
-3.106170,3.210410,-1.035450
-2.698270,4.098120,-1.093810
-1.771960,4.672890,0.055769
-1.578610,4.962980,-2.941430
0.000000,6.008380,-2.769710
-1.055700,5.053640,0.607575
0.000000,5.245840,0.805753
3.613790,0.235709,-5.403220
2.698920,4.574510,-1.092210
3.910300,2.060090,-2.500060
2.902520,4.721330,-2.519730
1.580360,5.692740,-2.940490
-2.855190,3.713360,-0.389262
-2.467400,3.727070,0.266761
-3.576730,-1.507110,-4.634460
-2.046400,-1.335690,-6.367740
0.000000,-2.011530,-7.405530
-2.081510,0.807126,-7.167190
0.000000,0.897653,-8.034120
-3.924420,1.139380,-2.631550
-2.050160,3.149930,-6.453400
0.000000,3.964090,-6.881710
-1.669350,4.949900,-5.425430
0.000000,5.693870,-5.022140
-3.570450,3.921350,-4.491700
-3.908810,2.060090,-2.502380
-3.533450,2.618420,-1.239880
-2.234460,4.102310,-0.357324
-2.064700,3.646400,0.648232
-3.723710,2.035730,-1.851220
-3.514180,2.182680,-1.029340
-1.635130,3.702540,1.219340
-1.075740,3.967500,1.698320
0.000000,4.322970,1.823510
3.579470,-1.507110,-4.632340
2.050170,-1.335690,-6.366530
2.085760,0.807126,-7.165960
3.604890,2.264240,-5.203360
3.925980,1.139380,-2.629220
2.053980,3.149930,-6.452180
1.672570,4.949900,-5.424440
3.573120,3.921350,-4.489580
3.106780,3.210410,-1.033610
3.534180,2.618420,-1.237780
2.467240,4.203460,0.268223
2.855420,3.713360,-0.387570
1.771930,5.402640,0.056819
2.234670,4.989460,-0.355999
1.055340,5.421470,0.608201
2.064310,4.311770,0.649455
3.514790,2.182680,-1.027260
3.724810,2.035730,-1.849020
1.634410,4.432300,1.220310
1.074740,4.335330,1.698950
1,2,0
3,4,0
5,6,0
6,1,0
7,8,0
8,3,0
9,10,0
10,5,0
11,12,0
12,7,0
14,15,13
17,18,16
20,21,19
23,24,22
26,27,25
29,30,28
32,33,31
34,28,31
36,37,35
39,40,38
42,43,41
44,45,21
47,48,46
50,51,49
53,54,52
54,56,55
57,56,54
59,60,58
62,63,61
63,64,61
66,67,65
67,68,65
69,70,0
2,69,0
71,72,0
72,9,0
70,73,0
73,11,0
26,3,8
74,75,26
75,3,26
76,3,75
77,3,76
79,12,78
12,80,78
82,83,81
81,84,82
84,85,82
87,84,86
84,81,86
88,89,86
89,87,86
90,84,87
92,93,91
95,96,94
96,97,94
99,100,98
100,101,98
103,104,102
104,105,102
106,107,104
107,105,104
109,110,108
111,112,109
112,110,109
110,112,99
112,100,99
101,13,98
13,15,98
113,114,13
114,14,13
116,117,115
117,118,115
117,119,118
119,120,118
121,122,120
122,118,120
118,122,113
122,114,113
91,124,123
124,125,123
126,125,124
127,125,96
125,126,96
117,124,91
124,117,126
117,116,126
91,93,117
93,119,117
129,130,128
130,94,128
131,130,129
131,132,130
132,133,130
88,86,131
86,132,131
95,134,96
134,127,96
135,134,133
134,95,133
132,135,133
86,81,132
81,135,132
137,138,136
138,139,136
141,136,140
136,139,140
125,139,123
139,138,123
125,127,139
127,140,139
127,134,140
134,141,140
134,135,141
135,142,141
135,81,142
81,83,142
144,145,143
145,146,143
147,148,145
148,146,145
149,150,147
150,148,147
143,146,151
146,152,151
148,153,146
153,152,146
150,154,148
154,153,148
154,155,153
155,156,153
154,157,155
157,158,155
157,85,158
85,84,158
90,159,84
159,158,84
159,160,158
160,155,158
161,162,92
162,163,92
153,164,152
164,165,152
164,166,165
166,167,165
165,167,168
167,169,168
168,169,161
169,162,161
169,170,162
170,171,162
169,167,170
167,172,170
167,173,172
173,174,172
174,173,175
173,176,175
177,178,173
178,176,173
179,180,177
180,178,177
180,181,178
181,182,178
182,176,178
182,183,176
183,175,176
181,184,182
184,183,182
172,174,171
174,185,171
185,174,186
174,175,186
187,183,184
187,186,183
186,175,183
188,181,180
188,189,181
189,184,181
189,190,184
190,187,184
191,187,190
191,192,187
192,186,187
192,193,186
193,185,186
193,194,185
194,171,185
171,194,162
194,163,162
163,195,92
195,93,92
163,194,195
194,196,195
194,193,196
193,197,196
193,192,197
192,198,197
192,191,198
191,199,198
191,190,199
190,200,199
190,189,200
189,201,200
189,188,201
188,202,201
167,166,173
166,177,173
166,203,177
203,179,177
204,205,203
205,179,203
206,179,205
205,204,207
204,208,207
209,206,207
206,205,207
210,211,204
211,208,204
213,214,212
213,215,214
215,24,214
212,214,23
214,24,23
208,216,207
216,217,207
219,217,218
217,216,218
207,217,209
217,64,209
105,220,102
220,218,102
218,220,219
220,221,219
217,219,64
219,16,64
219,221,16
221,17,16
221,220,17
220,222,17
220,223,222
224,225,223
225,222,223
16,226,64
16,227,226
227,228,226
228,212,23
227,229,228
229,212,228
229,225,212
225,230,212
225,224,230
224,231,230
224,232,231
232,233,231
235,233,234
233,232,234
212,230,213
230,236,213
230,231,236
231,237,236
231,233,237
233,238,237
235,239,233
239,238,233
239,240,19
240,20,19
19,21,241
21,242,241
241,243,238
243,237,238
243,244,237
244,236,237
236,244,213
244,245,213
242,246,241
246,243,241
246,247,243
247,244,243
247,248,244
248,245,244
213,245,215
245,249,215
248,250,245
250,249,245
251,252,22
252,23,22
24,215,22
215,253,22
215,249,253
249,254,253
249,250,254
250,255,254
253,254,256
254,257,256
254,255,257
255,258,257
64,63,209
63,259,209
259,206,209
259,180,206
180,179,206
259,260,180
260,188,180
261,202,260
202,188,260
239,235,240
235,262,240
20,240,69
240,70,69
240,262,70
262,73,70
235,234,262
234,263,262
262,263,73
263,11,73
11,263,12
263,80,12
263,234,80
234,264,80
232,265,234
265,264,234
266,267,220
267,223,220
265,223,264
223,267,264
266,220,268
220,105,268
268,105,107
79,78,269
78,270,269
264,267,80
267,78,80
267,266,78
266,270,78
266,268,270
268,271,270
107,272,268
272,271,268
8,269,26
269,27,26
270,271,269
271,27,269
272,25,271
25,27,271
273,274,272
274,25,272
274,74,25
74,26,25
30,273,28
273,275,28
34,276,28
276,29,28
28,275,31
275,32,31
277,278,31
278,34,31
32,279,33
279,35,33
280,277,33
277,31,33
281,77,280
77,277,280
282,280,35
280,33,35
284,285,283
286,285,37
285,284,37
37,284,35
284,282,35
279,287,35
287,36,35
288,32,275
32,288,279
288,289,279
272,290,273
290,275,273
290,291,275
291,288,275
291,292,288
292,289,288
289,292,293
292,294,293
107,106,272
106,290,272
291,290,295
290,106,295
292,291,296
291,295,296
102,218,297
218,216,297
298,103,297
103,102,297
299,298,211
298,297,211
300,299,210
299,211,210
156,300,301
300,210,301
155,302,156
302,300,156
302,303,300
303,299,300
299,303,298
303,304,298
104,295,106
104,103,295
103,305,295
103,298,305
298,304,305
302,160,303
160,306,303
306,307,303
307,304,303
305,304,308
304,307,308
295,305,296
305,308,296
159,309,160
309,306,160
306,309,307
309,310,307
307,310,308
310,311,308
296,308,312
308,311,312
309,159,313
314,310,313
310,309,313
311,310,314
312,311,315
311,314,315
312,315,108
315,109,108
316,111,313
111,314,313
314,111,315
111,109,315
89,112,316
112,111,316
89,88,112
88,100,112
131,101,88
101,100,88
131,129,101
129,13,101
128,94,115
94,97,115
13,129,113
129,128,113
113,128,118
128,115,118
293,294,317
294,318,317
296,294,292
296,319,294
312,319,296
319,320,294
320,318,294
312,108,319
108,320,319
278,277,76
277,77,76
34,278,75
278,76,75
280,282,281
282,321,281
283,321,284
321,282,284
317,286,36
286,37,36
293,317,287
317,36,287
289,293,279
293,287,279
274,273,29
273,30,29
74,274,276
274,29,276
75,74,34
74,276,34
79,269,7
269,8,7
79,7,12
241,238,19
238,239,19
265,232,224
223,265,224
229,17,225
17,222,225
23,226,228
227,18,229
18,17,229
18,227,16
256,22,253
252,61,23
61,226,23
62,61,252
61,64,226
168,151,152
151,168,143
208,211,216
211,297,216
155,160,302
203,301,204
301,210,204
164,153,301
153,156,301
166,164,203
164,301,203
168,152,165
171,170,172
90,316,159
316,313,159
87,89,90
89,316,90
150,85,154
85,157,154
149,82,150
82,85,150
138,137,143
137,144,143
161,138,168
138,143,168
123,138,161
92,91,161
91,123,161
94,130,95
130,133,95
97,96,126
116,115,126
115,97,126
322,9,72
323,324,72
324,322,72
325,323,72
326,325,72
5,328,327
328,329,327
331,332,330
334,332,333
332,331,333
334,335,332
335,336,332
337,338,335
338,336,335
339,335,334
340,341,93
343,344,342
344,345,342
347,348,346
348,349,346
351,352,350
352,353,350
354,355,350
355,351,350
357,358,356
359,360,356
360,357,356
359,356,347
356,348,347
40,346,38
346,349,38
361,362,38
362,39,38
364,365,363
365,366,363
119,364,120
364,363,120
367,121,363
121,120,363
367,363,362
363,39,362
369,341,368
341,370,368
371,369,368
368,372,371
372,343,371
364,341,369
364,369,365
369,371,365
93,341,119
341,364,119
373,374,345
374,375,345
376,374,373
378,376,377
376,373,377
336,338,378
338,376,378
379,344,372
344,343,372
379,380,344
380,377,344
378,377,380
332,336,380
336,378,380
382,383,381
383,384,381
384,385,381
385,386,381
381,368,382
368,370,382
372,368,386
368,381,386
379,372,385
372,386,385
380,379,387
379,385,387
332,380,330
380,387,330
389,390,388
390,391,388
392,393,388
393,389,388
394,395,392
395,393,392
388,391,396
391,397,396
398,392,396
392,388,396
399,394,398
394,392,398
401,399,400
399,398,400
403,399,402
399,401,402
333,403,334
403,402,334
404,339,402
339,334,402
405,404,401
404,402,401
407,408,406
408,340,406
410,398,409
398,396,409
412,410,411
410,409,411
411,409,413
409,414,413
413,414,407
414,408,407
416,413,415
413,407,415
411,413,417
413,416,417
419,411,418
411,417,418
419,418,420
418,421,420
422,423,420
423,419,420
424,425,422
425,423,422
424,422,426
427,426,420
426,422,420
428,427,421
427,420,421
429,426,428
426,427,428
418,417,430
417,415,430
418,430,421
430,431,421
432,429,428
431,432,421
432,428,421
433,424,426
434,433,429
433,426,429
435,434,432
434,429,432
436,435,432
437,436,431
436,432,431
438,437,430
437,431,430
439,438,415
438,430,415
439,415,406
415,407,406
195,406,93
406,340,93
439,406,196
406,195,196
438,439,197
439,196,197
437,438,198
438,197,198
436,437,199
437,198,199
435,436,200
436,199,200
434,435,201
435,200,201
433,434,202
434,201,202
412,411,423
411,419,423
440,412,425
412,423,425
441,442,425
442,440,425
443,441,425
442,441,444
441,445,444
443,446,441
446,445,441
447,448,444
448,442,444
450,451,449
452,450,46
450,449,46
449,451,46
451,453,46
455,444,454
444,445,454
454,42,455
42,456,455
454,445,65
445,446,65
457,350,456
350,353,456
457,456,458
456,42,458
42,454,43
454,65,43
459,458,41
458,42,41
457,458,460
458,459,460
457,460,461
462,463,460
463,461,460
43,65,464
466,43,465
43,464,465
465,453,451
467,466,451
466,465,451
462,467,468
467,451,468
463,462,469
462,468,469
471,463,470
463,469,470
470,472,471
472,473,471
468,451,474
451,450,474
469,468,475
468,474,475
470,469,476
469,475,476
44,472,476
472,470,476
20,477,21
477,44,21
21,45,242
45,478,242
479,478,475
478,476,475
480,479,474
479,475,474
480,474,481
474,450,481
246,242,479
242,478,479
247,246,480
246,479,480
248,247,481
247,480,481
481,450,482
450,452,482
250,248,482
248,481,482
453,483,46
483,47,46
452,46,484
46,48,484
482,452,485
452,484,485
250,482,255
482,485,255
485,484,486
484,487,486
255,485,258
485,486,258
65,446,66
488,66,443
66,446,443
424,488,425
488,443,425
489,488,433
488,424,433
202,261,433
261,489,433
472,44,490
44,477,490
477,20,2
20,69,2
490,477,1
477,2,1
473,472,491
472,490,491
491,490,6
490,1,6
491,6,327
6,5,327
473,491,492
491,327,492
493,471,492
471,473,492
494,495,461
495,457,461
461,493,494
493,492,494
457,495,350
495,496,350
496,354,350
329,328,497
328,498,497
494,492,329
492,327,329
495,494,497
494,329,497
496,495,499
495,497,499
500,354,499
354,496,499
498,9,49
9,322,49
499,497,49
497,498,49
51,500,49
500,499,49
50,501,51
501,500,51
322,324,49
324,50,49
501,52,502
52,54,502
503,504,52
504,53,52
505,502,55
502,54,55
53,506,54
506,57,54
59,505,60
505,55,60
57,507,56
507,55,56
326,508,57
508,507,57
507,509,55
509,60,55
511,512,510
510,513,511
513,58,511
511,58,509
58,60,509
514,515,58
515,59,58
516,502,505
516,505,517
505,59,517
518,500,502
500,501,502
519,518,516
518,502,516
520,519,517
519,516,517
520,517,521
517,522,521
355,354,518
354,500,518
518,519,355
519,523,355
519,520,523
520,524,523
456,353,455
353,525,455
352,526,353
526,525,353
526,527,525
527,447,525
527,528,447
528,448,447
528,400,448
400,529,448
530,401,528
401,400,528
531,530,527
530,528,527
531,527,532
527,526,532
351,355,523
352,351,533
351,523,533
526,352,532
352,533,532
405,530,534
530,531,534
535,534,532
534,531,532
532,533,535
533,536,535
533,523,536
523,524,536
537,404,534
404,405,534
537,534,538
534,535,538
538,535,539
535,536,539
536,524,539
524,540,539
541,404,537
538,542,537
542,541,537
539,542,538
540,543,539
543,542,539
543,540,357
540,358,357
360,544,542
544,541,542
360,542,357
542,543,357
359,337,360
337,544,360
338,337,347
337,359,347
346,376,347
376,338,347
374,376,40
376,346,40
345,375,342
375,366,342
374,40,375
40,39,375
375,39,366
39,363,366
521,522,545
522,546,545
524,520,521
524,521,547
540,524,547
548,547,545
547,521,545
358,540,548
540,547,548
57,506,326
506,325,326
506,53,325
53,323,325
509,507,549
507,508,549
549,512,509
512,511,509
513,546,58
546,514,58
546,522,514
522,515,514
522,517,515
517,59,515
501,50,52
50,503,52
50,324,503
324,504,503
324,323,504
323,53,504
498,328,9
328,10,9
328,5,10
476,478,44
478,45,44
493,463,471
461,463,493
459,467,460
467,462,460
453,465,464
41,466,459
466,467,459
41,43,466
487,484,48
68,483,464
483,453,464
67,483,68
68,464,65
414,396,397
397,391,414
447,444,525
444,455,525
401,530,405
529,440,448
440,442,448
398,410,400
410,529,400
410,412,529
412,440,529
414,409,396
415,417,416
544,339,541
339,404,541
337,335,544
335,339,544
333,394,403
394,399,403
331,395,333
395,394,333
383,382,390
382,391,390
382,408,391
408,414,391
370,408,382
341,340,370
340,408,370
373,345,377
345,344,377
342,371,343
366,365,342
365,371,342
550,62,252
551,483,67
553,554,552
554,555,552
552,555,556
555,557,556
256,257,556
257,552,556
257,258,552
258,553,552
557,555,259
555,260,259
554,261,555
261,260,555
251,22,558
556,558,256
558,22,256
550,252,251
559,550,558
550,251,558
557,559,556
559,558,556
559,63,550
63,62,550
557,259,559
259,63,559
554,553,560
553,561,560
560,561,562
561,563,562
486,487,561
487,563,561
258,486,553
486,561,553
560,562,489
562,488,489
261,554,489
554,560,489
47,564,48
564,563,48
563,487,48
551,47,483
551,565,47
565,564,47
565,562,564
562,563,564
66,565,67
565,551,67
488,562,66
562,565,66
566,567,285
569,570,568
571,572,568
574,575,573
513,510,576
578,579,577
577,579,580
580,573,575
582,570,581
77,281,3
583,3,281
3,583,4
583,584,4
4,584,0
584,585,0
583,567,584
567,586,584
584,586,585
586,587,585
281,321,583
321,567,583
283,567,321
285,567,283
286,588,285
588,566,285
566,589,567
589,586,567
586,589,587
589,590,587
589,591,590
591,592,590
566,593,589
593,591,589
568,572,593
572,591,593
572,573,591
573,592,591
588,594,566
594,593,566
593,594,568
594,595,568
595,569,568
581,570,569
570,596,568
596,571,568
572,571,573
571,574,573
597,596,582
598,599,594
599,595,594
570,582,596
571,596,600
596,597,600
574,571,601
571,600,601
602,575,601
575,574,601
595,599,110
569,595,99
595,110,99
581,569,98
569,99,98
582,581,15
581,98,15
597,582,14
582,15,14
600,597,114
597,14,114
601,600,122
600,114,122
602,601,121
601,122,121
318,588,317
588,286,317
598,594,318
594,588,318
320,599,318
599,598,318
110,599,108
599,320,108
508,326,603
326,72,603
603,72,604
72,71,604
604,71,585
71,0,585
576,603,605
603,604,605
605,604,587
604,585,587
549,508,576
508,603,576
512,549,576
510,512,576
606,607,576
607,513,576
608,606,605
606,576,605
608,605,590
605,587,590
609,608,592
608,590,592
610,606,609
606,608,609
580,579,609
579,610,609
573,580,592
580,609,592
578,607,610
607,606,610
610,579,578
611,612,577
612,578,577
613,614,577
614,611,577
615,616,580
616,577,580
617,615,575
615,580,575
618,613,616
619,620,612
620,578,612
577,616,613
616,615,618
615,621,618
615,617,621
617,622,621
575,602,617
602,622,617
612,356,619
612,611,356
611,348,356
611,614,348
614,349,348
614,613,349
613,38,349
613,618,38
618,361,38
618,621,361
621,362,361
621,622,362
622,367,362
622,602,367
602,121,367
607,545,513
545,546,513
578,620,607
620,545,607
619,548,620
548,545,620
619,356,548
356,358,548
136,145,137
145,144,137
142,149,141
149,147,141
136,141,145
141,147,145
83,82,142
82,149,142
389,384,390
384,383,390
395,387,393
387,385,393
385,384,393
384,389,393
331,330,395
330,387,395